11467093,3055,382,MitoCOG0001
11467092,3055,505,MitoCOG0002
11467090,3055,443,MitoCOG0008
11467091,3055,546,MitoCOG0009
11467094,3055,162,MitoCOG0010
11467089,3055,381,MitoCOG0011
11467095,3055,292,MitoCOG0012
11467096,3055,368,MitoCOG0019
13449314,3702,499,MitoCOG0001
13449404,3702,527,MitoCOG0002
13449304,3702,260,MitoCOG0003
13449321,3702,385,MitoCOG0004
13449387,3702,349,MitoCOG0004
26556997,3702,265,MitoCOG0005
26557002,3702,119,MitoCOG0006
13449343,3702,100,MitoCOG0007
13449336,3702,495,MitoCOG0008
13449295,3702,669,MitoCOG0009
13449312,3702,205,MitoCOG0010
13449309,3702,393,MitoCOG0011
92090944,3702,325,MitoCOG0012
26557003,3702,85,MitoCOG0014
13449335,3702,286,MitoCOG0021
13449334,3702,349,MitoCOG0027
13449365,3702,215,MitoCOG0030
26557001,3702,125,MitoCOG0030
13449329,3702,394,MitoCOG0031
13449297,3702,179,MitoCOG0039
26556998,3702,382,MitoCOG0040
26557000,3702,203,MitoCOG0040
13449296,3702,190,MitoCOG0043
13449298,3702,556,MitoCOG0056
26556999,3702,256,MitoCOG0057
26557005,3702,507,MitoCOG0059
13449397,3702,148,MitoCOG0061
13449315,3702,362,MitoCOG0067
13449308,3702,185,MitoCOG0073
13449342,3702,192,MitoCOG0076
13449299,3702,206,MitoCOG0086
13449306,3702,452,MitoCOG0087
13449330,3702,672,MitoCOG0088
13449344,3702,149,MitoCOG0089
13449293,3702,315,MitoCOG0090
13449337,3702,313,MitoCOG0090
13449380,3702,262,MitoCOG0090
13449390,3702,294,MitoCOG0090
13449310,3702,111,MitoCOG0101
13449355,3702,240,MitoCOG0101
13449356,3702,170,MitoCOG0101
13449345,3702,275,MitoCOG0105
13449373,3702,118,MitoCOG0105
13449374,3702,153,MitoCOG0105
13449326,3702,158,MitoCOG0140
115278542,4558,488,MitoCOG0001
115278536,4558,530,MitoCOG0002
115278537,4558,260,MitoCOG0003
115278528,4558,382,MitoCOG0004
115278538,4558,265,MitoCOG0005
115278543,4558,118,MitoCOG0006
115278545,4558,100,MitoCOG0007
115278544,4558,495,MitoCOG0008
115278546,4558,670,MitoCOG0009
115278547,4558,271,MitoCOG0010
115278535,4558,388,MitoCOG0011
115278541,4558,325,MitoCOG0012
115278530,4558,86,MitoCOG0014
115278540,4558,271,MitoCOG0021
115278552,4558,125,MitoCOG0030
115278548,4558,394,MitoCOG0031
115278550,4558,185,MitoCOG0039
115278534,4558,608,MitoCOG0040
115278549,4558,190,MitoCOG0043
115278555,4558,559,MitoCOG0056
115278532,4558,240,MitoCOG0057
115278526,4558,513,MitoCOG0059
115278557,4558,148,MitoCOG0061
115278553,4558,116,MitoCOG0064
115278556,4558,383,MitoCOG0067
115278551,4558,183,MitoCOG0074
115278527,4558,208,MitoCOG0076
115278554,4558,447,MitoCOG0080
115278531,4558,206,MitoCOG0086
115278533,4558,437,MitoCOG0087
115278539,4558,678,MitoCOG0088
115278529,4558,155,MitoCOG0140
224365622,29760,488,MitoCOG0001
224365630,29760,527,MitoCOG0002
224365679,29760,261,MitoCOG0003
224365634,29760,388,MitoCOG0004
224365653,29760,265,MitoCOG0005
224365657,29760,118,MitoCOG0006
224365637,29760,100,MitoCOG0007
224365650,29760,101,MitoCOG0007
224365682,29760,495,MitoCOG0008
224365631,29760,670,MitoCOG0009
224365671,29760,223,MitoCOG0010
224365629,29760,393,MitoCOG0011
224365610,29760,327,MitoCOG0012
224365680,29760,74,MitoCOG0014
224365642,29760,94,MitoCOG0026
224365670,29760,94,MitoCOG0026
224365673,29760,92,MitoCOG0026
224365641,29760,334,MitoCOG0027
224365656,29760,125,MitoCOG0030
224365620,29760,394,MitoCOG0031
224365644,29760,185,MitoCOG0039
224365619,29760,574,MitoCOG0040
224365639,29760,190,MitoCOG0043
224365675,29760,122,MitoCOG0048
224365626,29760,168,MitoCOG0051
224365678,29760,138,MitoCOG0054
224365628,29760,118,MitoCOG0055
224365643,29760,563,MitoCOG0056
224365640,29760,250,MitoCOG0057
224365668,29760,509,MitoCOG0059
224365633,29760,148,MitoCOG0061
224365646,29760,116,MitoCOG0064
224365672,29760,362,MitoCOG0067
224365659,29760,117,MitoCOG0070
224365651,29760,120,MitoCOG0072
224365627,29760,183,MitoCOG0073
224365655,29760,167,MitoCOG0074
224365654,29760,143,MitoCOG0075
224365638,29760,198,MitoCOG0076
224365658,29760,206,MitoCOG0086
224365623,29760,505,MitoCOG0087
224365611,29760,401,MitoCOG0088
224365683,29760,144,MitoCOG0089
224365625,29760,158,MitoCOG0092
224365624,29760,975,MitoCOG0096
224365615,29760,105,MitoCOG0097
224365632,29760,103,MitoCOG0099
224365652,29760,159,MitoCOG0140
194033259,39947,488,MitoCOG0001
194033255,39947,524,MitoCOG0002
194033234,39947,260,MitoCOG0003
194033238,39947,334,MitoCOG0004
194033212,39947,280,MitoCOG0005
194033229,39947,155,MitoCOG0006
194033246,39947,100,MitoCOG0007
194033233,39947,495,MitoCOG0008
194033215,39947,670,MitoCOG0009
194033221,39947,205,MitoCOG0010
194033248,39947,397,MitoCOG0011
194033211,39947,325,MitoCOG0012
194033243,39947,74,MitoCOG0014
194033224,39947,269,MitoCOG0021
194033245,39947,93,MitoCOG0026
194033244,39947,502,MitoCOG0027
194033230,39947,125,MitoCOG0030
194033225,39947,394,MitoCOG0031
194033251,39947,594,MitoCOG0040
194033258,39947,190,MitoCOG0043
194033228,39947,538,MitoCOG0056
194033222,39947,240,MitoCOG0057
194033257,39947,509,MitoCOG0059
194033216,39947,148,MitoCOG0061
194033240,39947,116,MitoCOG0064
194033241,39947,352,MitoCOG0067
194033256,39947,188,MitoCOG0073
194033250,39947,172,MitoCOG0074
194033213,39947,197,MitoCOG0076
194033232,39947,483,MitoCOG0080
194033262,39947,206,MitoCOG0086
194033252,39947,435,MitoCOG0087
194033249,39947,678,MitoCOG0088
194033260,39947,173,MitoCOG0100
194033217,39947,490,MitoCOG0101
194033220,39947,181,MitoCOG0102
194033223,39947,183,MitoCOG0103
194033214,39947,152,MitoCOG0104
194033226,39947,288,MitoCOG0105
194033227,39947,194,MitoCOG0106
194033237,39947,187,MitoCOG0107
194033239,39947,153,MitoCOG0108
194033242,39947,176,MitoCOG0109
194033247,39947,241,MitoCOG0110
194033253,39947,165,MitoCOG0111
194033254,39947,284,MitoCOG0112
194033263,39947,160,MitoCOG0113
194033219,39947,155,MitoCOG0140
113170507,70448,497,MitoCOG0001
113170497,70448,529,MitoCOG0002
113170505,70448,257,MitoCOG0003
113170503,70448,249,MitoCOG0004
113170506,70448,264,MitoCOG0005
113170489,70448,117,MitoCOG0006
113170494,70448,100,MitoCOG0007
113170516,70448,100,MitoCOG0007
113170508,70448,489,MitoCOG0008
113170509,70448,668,MitoCOG0009
113170504,70448,256,MitoCOG0010
113170499,70448,399,MitoCOG0011
113170511,70448,399,MitoCOG0011
113170502,70448,328,MitoCOG0012
113170476,70448,74,MitoCOG0014
113170475,70448,246,MitoCOG0021
113170486,70448,80,MitoCOG0026
113170492,70448,166,MitoCOG0029
113170500,70448,121,MitoCOG0030
113170488,70448,394,MitoCOG0031
113170484,70448,133,MitoCOG0039
113170491,70448,186,MitoCOG0043
113170483,70448,124,MitoCOG0048
113170479,70448,187,MitoCOG0053
113170477,70448,121,MitoCOG0054
113170481,70448,99,MitoCOG0055
113170485,70448,277,MitoCOG0056
113170490,70448,508,MitoCOG0059
113170501,70448,165,MitoCOG0061
113170480,70448,124,MitoCOG0063
113170478,70448,116,MitoCOG0064
113170474,70448,209,MitoCOG0067
113170487,70448,114,MitoCOG0072
113170482,70448,187,MitoCOG0073
113170496,70448,180,MitoCOG0076
113170514,70448,180,MitoCOG0076
113170510,70448,208,MitoCOG0080
113170495,70448,166,MitoCOG0140
113170515,70448,166,MitoCOG0140
327176860,88036,501,MitoCOG0001
327176862,88036,536,MitoCOG0002
327176878,88036,130,MitoCOG0003
327176874,88036,251,MitoCOG0004
327176859,88036,269,MitoCOG0005
327176858,88036,122,MitoCOG0006
327176865,88036,100,MitoCOG0007
327176870,88036,505,MitoCOG0008
327176868,88036,673,MitoCOG0009
327176857,88036,177,MitoCOG0010
327176866,88036,397,MitoCOG0011
327176864,88036,328,MitoCOG0012
327176876,88036,67,MitoCOG0014
327176867,88036,262,MitoCOG0021
327176875,88036,397,MitoCOG0031
327176863,88036,205,MitoCOG0043
327176869,88036,527,MitoCOG0059
91208858,3218,489,MitoCOG0001
171259158,3218,522,MitoCOG0002
91208863,3218,236,MitoCOG0003
91208861,3218,252,MitoCOG0004
91208864,3218,265,MitoCOG0005
91208869,3218,118,MitoCOG0006
171259159,3218,100,MitoCOG0007
91208857,3218,495,MitoCOG0008
171259160,3218,676,MitoCOG0009
91208862,3218,201,MitoCOG0010
91208866,3218,406,MitoCOG0011
91208865,3218,328,MitoCOG0012
91208880,3218,74,MitoCOG0014
91208840,3218,622,MitoCOG0019
91208856,3218,533,MitoCOG0019
91208850,3218,244,MitoCOG0021
91208872,3218,93,MitoCOG0026
91208871,3218,463,MitoCOG0027
91208859,3218,126,MitoCOG0030
91208870,3218,393,MitoCOG0031
91208874,3218,135,MitoCOG0039
91208847,3218,607,MitoCOG0040
91208867,3218,195,MitoCOG0043
91208853,3218,131,MitoCOG0051
91208877,3218,101,MitoCOG0053
91208879,3218,118,MitoCOG0054
91208876,3218,99,MitoCOG0055
91208873,3218,535,MitoCOG0056
91208846,3218,270,MitoCOG0057
91208868,3218,518,MitoCOG0059
91208860,3218,239,MitoCOG0061
91208878,3218,122,MitoCOG0064
91208849,3218,195,MitoCOG0067
91208875,3218,186,MitoCOG0073
91208843,3218,243,MitoCOG0074
91208852,3218,86,MitoCOG0075
91208841,3218,183,MitoCOG0076
91208844,3218,241,MitoCOG0080
91208845,3218,175,MitoCOG0086
91208848,3218,483,MitoCOG0087
91208854,3218,187,MitoCOG0092
91208842,3218,174,MitoCOG0140
229315901,296587,500,MitoCOG0001
229315895,296587,531,MitoCOG0002
229315911,296587,531,MitoCOG0002
229315899,296587,275,MitoCOG0003
229315897,296587,250,MitoCOG0004
229315909,296587,250,MitoCOG0004
229315900,296587,266,MitoCOG0005
229315930,296587,117,MitoCOG0006
229315914,296587,100,MitoCOG0007
229315902,296587,488,MitoCOG0008
229315903,296587,671,MitoCOG0009
229315898,296587,268,MitoCOG0010
229315908,296587,268,MitoCOG0010
229315907,296587,386,MitoCOG0011
229315896,296587,333,MitoCOG0012
229315910,296587,333,MitoCOG0012
229315917,296587,74,MitoCOG0014
229315916,296587,254,MitoCOG0021
229315927,296587,84,MitoCOG0026
229315906,296587,129,MitoCOG0030
229315929,296587,398,MitoCOG0031
229315925,296587,133,MitoCOG0039
229315931,296587,188,MitoCOG0043
229315924,296587,124,MitoCOG0048
229315920,296587,185,MitoCOG0053
229315918,296587,153,MitoCOG0054
229315922,296587,99,MitoCOG0055
229315926,296587,319,MitoCOG0056
229315905,296587,181,MitoCOG0061
229315921,296587,128,MitoCOG0063
229315919,296587,120,MitoCOG0064
229315915,296587,239,MitoCOG0067
229315928,296587,110,MitoCOG0072
229315923,296587,185,MitoCOG0073
229315894,296587,215,MitoCOG0076
229315912,296587,215,MitoCOG0076
229315904,296587,215,MitoCOG0080
229315893,296587,168,MitoCOG0140
229315913,296587,168,MitoCOG0140
321268756,2762,508,MitoCOG0001
321268755,2762,533,MitoCOG0002
321268724,2762,257,MitoCOG0003
321268750,2762,251,MitoCOG0004
321268761,2762,278,MitoCOG0005
321268732,2762,123,MitoCOG0006
321268727,2762,102,MitoCOG0007
321268757,2762,483,MitoCOG0008
321268749,2762,665,MitoCOG0009
321268733,2762,220,MitoCOG0010
321268729,2762,403,MitoCOG0011
321268740,2762,335,MitoCOG0012
321268746,2762,74,MitoCOG0014
321268744,2762,95,MitoCOG0026
321268745,2762,272,MitoCOG0027
321268752,2762,124,MitoCOG0030
321268726,2762,399,MitoCOG0031
321268742,2762,136,MitoCOG0039
321268760,2762,198,MitoCOG0043
321268741,2762,119,MitoCOG0048
321268738,2762,151,MitoCOG0054
321268753,2762,141,MitoCOG0061
321268739,2762,115,MitoCOG0064
321268737,2762,184,MitoCOG0073
321268730,2762,91,MitoCOG0075
321268748,2762,165,MitoCOG0076
8954371,45157,500,MitoCOG0001
133755339,45157,533,MitoCOG0002
8954364,45157,261,MitoCOG0003
8954375,45157,255,MitoCOG0004
8954365,45157,272,MitoCOG0005
8954369,45157,118,MitoCOG0006
8954392,45157,101,MitoCOG0007
8954372,45157,492,MitoCOG0008
8954373,45157,666,MitoCOG0009
8954362,45157,204,MitoCOG0010
8954363,45157,382,MitoCOG0011
8954370,45157,330,MitoCOG0012
8954388,45157,76,MitoCOG0014
8954387,45157,267,MitoCOG0021
8954390,45157,123,MitoCOG0030
8954385,45157,148,MitoCOG0039
8954377,45157,620,MitoCOG0040
8954384,45157,127,MitoCOG0048
8954360,45157,137,MitoCOG0051
8954361,45157,265,MitoCOG0052
8954367,45157,202,MitoCOG0053
8954380,45157,113,MitoCOG0054
8954382,45157,87,MitoCOG0055
8954386,45157,282,MitoCOG0056
8954393,45157,234,MitoCOG0057
8954379,45157,88,MitoCOG0070
8954391,45157,79,MitoCOG0075
8954366,45157,171,MitoCOG0076
8954376,45157,193,MitoCOG0132
8954374,45157,130,MitoCOG0140
