159464012,3055,153,MitoCOG0003
159478915,3055,284,MitoCOG0003
159462524,3055,340,MitoCOG0004
159468023,3055,382,MitoCOG0005
159472440,3055,279,MitoCOG0006
159479140,3055,227,MitoCOG0007
159486952,3055,157,MitoCOG0014
159487014,3055,159,MitoCOG0014
159468834,3055,266,MitoCOG0027
159485096,3055,164,MitoCOG0029
159479042,3055,467,MitoCOG0031
159479826,3055,115,MitoCOG0039
159464845,3055,282,MitoCOG0043
159471716,3055,120,MitoCOG0048
159476382,3055,291,MitoCOG0052
159474788,3055,127,MitoCOG0054
159478136,3055,112,MitoCOG0055
159483185,3055,569,MitoCOG0059
159478066,3055,153,MitoCOG0060
159464124,3055,232,MitoCOG0061
159475653,3055,124,MitoCOG0064
159469468,3055,733,MitoCOG0066
159463118,3055,115,MitoCOG0070
159463444,3055,87,MitoCOG0075
159481338,3055,202,MitoCOG0076
159472811,3055,126,MitoCOG0126
159476490,3055,395,MitoCOG0130
159485184,3055,324,MitoCOG0133
159463142,3055,89,MitoCOG0136
159480088,3055,169,MitoCOG0139
15226079,3702,265,MitoCOG0005
42568983,3702,85,MitoCOG0014
18422781,3702,212,MitoCOG0026
18406440,3702,214,MitoCOG0027
334184177,3702,389,MitoCOG0027
15239782,3702,218,MitoCOG0029
15220161,3702,196,MitoCOG0048
30694896,3702,173,MitoCOG0048
30694900,3702,172,MitoCOG0048
145334347,3702,186,MitoCOG0051
15242460,3702,213,MitoCOG0051
15232149,3702,279,MitoCOG0052
15237464,3702,280,MitoCOG0052
30698100,3702,309,MitoCOG0052
18398731,3702,102,MitoCOG0053
18398140,3702,314,MitoCOG0054
30686095,3702,164,MitoCOG0055
15226092,3702,777,MitoCOG0059
15237029,3702,155,MitoCOG0060
15226091,3702,148,MitoCOG0061
15218103,3702,154,MitoCOG0064
18421656,3702,748,MitoCOG0066
15226130,3702,362,MitoCOG0067
15219265,3702,222,MitoCOG0071
15219311,3702,222,MitoCOG0071
15228720,3702,241,MitoCOG0072
18407093,3702,151,MitoCOG0075
15228593,3702,219,MitoCOG0080
15230472,3702,171,MitoCOG0092
15241991,3702,135,MitoCOG0127
15236220,3702,454,MitoCOG0130
15227257,3702,325,MitoCOG0133
18396033,3702,128,MitoCOG0134
79313225,3702,147,MitoCOG0135
145328738,3702,154,MitoCOG0136
18417600,3702,154,MitoCOG0136
15229493,3702,311,MitoCOG0138
30689119,3702,415,MitoCOG0139
242079711,4558,450,MitoCOG0027
242096920,4558,434,MitoCOG0027
242058541,4558,200,MitoCOG0029
242088593,4558,202,MitoCOG0029
242086284,4558,170,MitoCOG0048
242075036,4558,117,MitoCOG0051
242049094,4558,313,MitoCOG0052
242053647,4558,103,MitoCOG0053
242066418,4558,103,MitoCOG0053
242082696,4558,114,MitoCOG0060
242033201,4558,744,MitoCOG0066
242054321,4558,121,MitoCOG0070
242091177,4558,122,MitoCOG0070
242033017,4558,109,MitoCOG0072
242078003,4558,109,MitoCOG0072
242059829,4558,208,MitoCOG0075
242089339,4558,197,MitoCOG0092
242032533,4558,97,MitoCOG0126
242045192,4558,138,MitoCOG0127
242041771,4558,330,MitoCOG0133
242053351,4558,142,MitoCOG0135
242080839,4558,146,MitoCOG0136
242091113,4558,146,MitoCOG0136
242082265,4558,345,MitoCOG0138
242093270,4558,192,MitoCOG0139
225465377,29760,94,MitoCOG0026
359483985,29760,94,MitoCOG0026
225434185,29760,193,MitoCOG0027
225429464,29760,209,MitoCOG0029
225443920,29760,167,MitoCOG0048
225452228,29760,276,MitoCOG0052
359496358,29760,303,MitoCOG0052
225430754,29760,102,MitoCOG0053
359477980,29760,155,MitoCOG0054
225438448,29760,155,MitoCOG0060
225453076,29760,746,MitoCOG0066
225464801,29760,125,MitoCOG0070
359475322,29760,223,MitoCOG0071
359493658,29760,253,MitoCOG0080
225445521,29760,100,MitoCOG0126
225444887,29760,136,MitoCOG0127
225457219,29760,322,MitoCOG0133
225452875,29760,128,MitoCOG0134
225442202,29760,147,MitoCOG0135
359475326,29760,146,MitoCOG0136
225432670,29760,348,MitoCOG0138
225446639,29760,429,MitoCOG0139
297604806,39947,154,MitoCOG0029
297725319,39947,114,MitoCOG0029
115488830,39947,185,MitoCOG0039
115489586,39947,170,MitoCOG0048
115443883,39947,129,MitoCOG0051
115472415,39947,129,MitoCOG0051
115474559,39947,281,MitoCOG0052
115478849,39947,311,MitoCOG0052
115455051,39947,103,MitoCOG0053
297726543,39947,103,MitoCOG0053
115438498,39947,257,MitoCOG0054
115453305,39947,332,MitoCOG0054
115482420,39947,155,MitoCOG0060
115454943,39947,747,MitoCOG0066
115439769,39947,122,MitoCOG0070
115465033,39947,121,MitoCOG0070
115455639,39947,223,MitoCOG0071
115488816,39947,112,MitoCOG0072
297605965,39947,108,MitoCOG0072
115442089,39947,211,MitoCOG0075
115461797,39947,191,MitoCOG0092
115456149,39947,98,MitoCOG0126
115477302,39947,137,MitoCOG0127
115481492,39947,324,MitoCOG0133
115450989,39947,113,MitoCOG0134
115437772,39947,146,MitoCOG0135
115476338,39947,145,MitoCOG0136
115482592,39947,323,MitoCOG0138
297605989,39947,211,MitoCOG0139
308813335,70448,158,MitoCOG0003
308799351,70448,294,MitoCOG0027
308811801,70448,189,MitoCOG0052
308801158,70448,157,MitoCOG0060
308809778,70448,597,MitoCOG0066
308806962,70448,108,MitoCOG0075
308798603,70448,120,MitoCOG0126
308810298,70448,105,MitoCOG0127
308804561,70448,421,MitoCOG0130
159485660,70448,312,MitoCOG0137
308810234,70448,304,MitoCOG0139
302825331,88036,154,MitoCOG0005
302760401,88036,99,MitoCOG0026
302785882,88036,99,MitoCOG0026
302794352,88036,144,MitoCOG0027
302753456,88036,200,MitoCOG0029
302797619,88036,183,MitoCOG0039
302763759,88036,130,MitoCOG0048
302790764,88036,128,MitoCOG0048
302763777,88036,258,MitoCOG0052
302765961,88036,248,MitoCOG0052
302766675,88036,248,MitoCOG0052
302790784,88036,232,MitoCOG0052
302792451,88036,217,MitoCOG0052
302795957,88036,234,MitoCOG0052
302802851,88036,248,MitoCOG0052
302812044,88036,248,MitoCOG0052
302813399,88036,234,MitoCOG0052
302768759,88036,116,MitoCOG0054
302781496,88036,100,MitoCOG0055
302782425,88036,155,MitoCOG0060
302756581,88036,158,MitoCOG0061
302755154,88036,113,MitoCOG0064
302812564,88036,691,MitoCOG0066
302760143,88036,119,MitoCOG0070
302803981,88036,215,MitoCOG0071
302798703,88036,80,MitoCOG0072
302801654,88036,95,MitoCOG0072
302826270,88036,85,MitoCOG0072
302772515,88036,89,MitoCOG0126
302770194,88036,87,MitoCOG0127
302755488,88036,273,MitoCOG0133
302766836,88036,329,MitoCOG0133
302792004,88036,109,MitoCOG0136
168003094,3218,85,MitoCOG0026
168033560,3218,61,MitoCOG0026
168057927,3218,74,MitoCOG0026
168032288,3218,201,MitoCOG0029
168050412,3218,174,MitoCOG0029
168037469,3218,132,MitoCOG0039
168065713,3218,117,MitoCOG0048
168064341,3218,229,MitoCOG0052
168037471,3218,69,MitoCOG0055
168066257,3218,148,MitoCOG0060
168009692,3218,768,MitoCOG0066
168040220,3218,113,MitoCOG0070
168008160,3218,161,MitoCOG0071
168027577,3218,225,MitoCOG0071
167997249,3218,119,MitoCOG0072
168027473,3218,51,MitoCOG0126
167997525,3218,97,MitoCOG0127
168016334,3218,404,MitoCOG0130
168005967,3218,298,MitoCOG0133
168056224,3218,305,MitoCOG0133
168058915,3218,272,MitoCOG0133
168063922,3218,298,MitoCOG0133
168031774,3218,159,MitoCOG0135
168043068,3218,127,MitoCOG0136
168054579,3218,118,MitoCOG0138
168030018,3218,472,MitoCOG0139
255088988,296587,715,MitoCOG0066
intID2000007400,2762,210,MitoCOG0029
intID2000030605,2762,201,MitoCOG0052
intID2000011658,2762,219,MitoCOG0066
intID2000023107,2762,108,MitoCOG0070
intID2000030421,2762,216,MitoCOG0071
intID2000022788,2762,355,MitoCOG0080
intID2000007774,2762,153,MitoCOG0127
4139170,2762,451,MitoCOG0130
intID2000031986,2762,199,MitoCOG0133
intID2000011442,2762,121,MitoCOG0136
intID2000017218,2762,216,MitoCOG0137
intID2000012318,2762,159,MitoCOG0139
intID1000003123,45157,471,MitoCOG0027
intID1000001251,45157,230,MitoCOG0029
intID1000001585,45157,488,MitoCOG0031
intID1000003340,45157,315,MitoCOG0043
intID1000004314,45157,181,MitoCOG0060
intID1000004399,45157,144,MitoCOG0061
intID1000003747,45157,278,MitoCOG0066
intID1000004761,45157,224,MitoCOG0080
544215579,45157,106,MitoCOG0126
544210946,45157,122,MitoCOG0127
intID1000004277,45157,463,MitoCOG0130
intID1000001914,45157,344,MitoCOG0133
intID1000003147,45157,162,MitoCOG0136
544210556,45157,193,MitoCOG0137
intID1000001605,45157,270,MitoCOG0139
